<?xml version="1.0" encoding="UTF-8" standalone="no" ?>
<SimscapeMultibodyImportXML version="2.0" xmlns="urn:mathworks:SimscapeMultibody:import" xmlns:xsi="http://www.w3.org/2001/XMLSchema-instance">
<Created by="" on="06/03/22||22:02:33" using="Simscape Multibody Link Version 7.4" from="SolidWorks 25.0.0"/>
<ModelUnits mass="kilogram" length="millimeter"/>
<DataUnits mass="kilogram" length="meter"/>
<RootAssembly name="Assem1" uid="Assem1" version="429">
<AssemblyFile name="Assem1.SLDASM" type="SolidWorks Assembly"/>
<InstanceTree>
<Instance name="Part2-1" uid="Part2-1" entityUid="Part2*:*Default">
<Transform>
<Rotation>-0.69494996525417507 1.4222301409899307e-15 0.71905809625733363 -1.0131277393066084e-16 1 -2.0758231601618298e-15 -0.71905809625733363 -1.5154430033774061e-15 -0.69494996525417507</Rotation>
<Translation>0.0029833255165035511 0.23610932544996135 0.0030868184382572251</Translation>
</Transform>
</Instance>
<Instance name="Part6-1" uid="Part6-1" entityUid="Part6*:*Default">
<Transform>
<Rotation>-0.70548308698073803 0.055123796380320576 -0.70657977685237283 -0.30098375071394678 0.87929686070838586 0.36911490427039434 0.6416403944502661 0.47307335353092828 -0.60373769667688326</Rotation>
<Translation>-0.43371364154919223 0.74665080159106922 -0.44875936543019046</Translation>
</Transform>
</Instance>
<Instance name="GRIPPER-2" uid="GRIPPER-2" entityUid="GRIPPER*:*Default">
<Transform>
<Rotation>0.19776262336610256 0.055123796380319945 -0.9786987850569645 -0.47402228624168635 0.87929686070838609 -0.046259084454646306 0.85801679292748223 0.47307335353092778 0.20002196187778931</Rotation>
<Translation>-0.44176537262253734 0.6169956500388446 -0.51814148674545546</Translation>
</Transform>
</Instance>
<Instance name="Part5-1" uid="Part5-1" entityUid="Part5*:*Default">
<Transform>
<Rotation>0.15410947004198416 0.69176866453136387 -0.70548308698073825 -0.94882783273177751 -0.095574712344231039 -0.30098375071394745 -0.27563747037893249 0.71576643476263313 0.64164039445026555</Rotation>
<Translation>-0.43371364154919223 0.74665080159106922 -0.44875936543019046</Translation>
</Transform>
</Instance>
<Instance name="Part1-1" uid="Part1-1" grounded="true" entityUid="Part1*:*Default">
<Transform>
<Rotation>1 0 0 0 1 0 0 0 1</Rotation>
<Translation>0 0 0</Translation>
</Transform>
</Instance>
<Instance name="Assem1^Assem1-1" uid="Assem1^Assem1-1" entityUid="Assem1^Assem1" rigid="true">
<Transform>
<Rotation>1 0 0 0 1 0 0 0 1</Rotation>
<Translation>0 0 0</Translation>
</Transform>
</Instance>
<Instance name="Part3-1" uid="Part3-1" entityUid="Part3*:*Default">
<Transform>
<Rotation>0.71905809625733319 -0.29560423987090834 0.62894641073554303 -5.5944832100252029e-16 0.9050240192551241 0.4253604642785937 -0.69494996525417563 -0.30585888566730129 0.65076484835274928</Rotation>
<Translation>-0.15194037948593542 0.66017091874892686 -0.15721126049385922</Translation>
</Transform>
</Instance>
<Instance name="Part4-1" uid="Part4-1" entityUid="Part4*:*Default">
<Transform>
<Rotation>0.69176866453136354 0.71905809625733108 0.066419643022802066 -0.095574712344230067 -1.8906460050489315e-15 0.99542225932531647 0.71576643476263357 -0.69494996525417763 0.068723770708582807</Rotation>
<Translation>-0.14879657599861673 0.7072866789036063 -0.15395839703084607</Translation>
</Transform>
</Instance>
</InstanceTree>
<Constraints>
<Coincident name="Coincident1">
<ConstraintGeometry geomType="line">
<InstancePath>
<Uid>Part1-1</Uid>
</InstancePath>
<Position>0 0.16499999999999998 0</Position>
<Axis>0 -1 0</Axis>
</ConstraintGeometry>
<ConstraintGeometry geomType="line">
<InstancePath>
<Uid>Part2-1</Uid>
</InstancePath>
<Position>0.0042928637537413116 -0.071109325449961375 0</Position>
<Axis>0 1 0</Axis>
</ConstraintGeometry>
</Coincident>
<Coincident name="Coincident2">
<ConstraintGeometry geomType="plane">
<InstancePath>
<Uid>Part1-1</Uid>
</InstancePath>
<Position>0 0.16499999999999998 0</Position>
<Axis>0 1 0</Axis>
</ConstraintGeometry>
<ConstraintGeometry geomType="plane">
<InstancePath>
<Uid>Part2-1</Uid>
</InstancePath>
<Position>0.0042928637537413116 -0.071109325449961375 0</Position>
<Axis>0 -1 0</Axis>
</ConstraintGeometry>
</Coincident>
<Coincident name="Coincident3">
<ConstraintGeometry geomType="line">
<InstancePath>
<Uid>Part2-1</Uid>
</InstancePath>
<Position>0.07383901214947873 0.10685067455003863 -0.085500000000000284</Position>
<Axis>-3.8857805861880479e-15 0 -1</Axis>
</ConstraintGeometry>
<ConstraintGeometry geomType="line">
<InstancePath>
<Uid>Part3-1</Uid>
</InstancePath>
<Position>-0.085499999999999993 -0.35050000000000003 6.2450045135165055e-16</Position>
<Axis>1 0 -3.3861802251067274e-15</Axis>
</ConstraintGeometry>
</Coincident>
<Coincident name="Coincident4">
<ConstraintGeometry geomType="plane">
<InstancePath>
<Uid>Part2-1</Uid>
</InstancePath>
<Position>0.073839012149479327 0.10685067455003863 0.085499999999999729</Position>
<Axis>-3.5527136788005009e-15 0 -1</Axis>
</ConstraintGeometry>
<ConstraintGeometry geomType="plane">
<InstancePath>
<Uid>Part3-1</Uid>
</InstancePath>
<Position>0.08550000000000002 -0.35050000000000003 0</Position>
<Axis>1 0 -3.3861802251067274e-15</Axis>
</ConstraintGeometry>
</Coincident>
<Coincident name="Coincident5">
<ConstraintGeometry geomType="line">
<InstancePath>
<Uid>Part3-1</Uid>
</InstancePath>
<Position>-0.090999999999999956 1.1102230246251565e-16 6.2450045135165055e-16</Position>
<Axis>1 0 -3.3861802251067274e-15</Axis>
</ConstraintGeometry>
<ConstraintGeometry geomType="line">
<InstancePath>
<Uid>Part4-1</Uid>
</InstancePath>
<Position>0 -0.055499999999999994 -0.047332435771141212</Position>
<Axis>0 1 0</Axis>
</ConstraintGeometry>
</Coincident>
<Coincident name="Coincident7">
<ConstraintGeometry geomType="plane">
<InstancePath>
<Uid>Part3-1</Uid>
</InstancePath>
<Position>0.055500000000000035 -1.1102230246251565e-16 1.2490009027033011e-16</Position>
<Axis>-1 -1.1102230246251565e-16 3.3306690738754696e-15</Axis>
</ConstraintGeometry>
<ConstraintGeometry geomType="plane">
<InstancePath>
<Uid>Part4-1</Uid>
</InstancePath>
<Position>0 0.055499999999999966 -0.047332435771141212</Position>
<Axis>0 1 0</Axis>
</ConstraintGeometry>
</Coincident>
<Coincident name="Coincident8">
<ConstraintGeometry geomType="line">
<InstancePath>
<Uid>Part4-1</Uid>
</InstancePath>
<Position>-0.093217640917691247 0 -2.2204460492503131e-16</Position>
<Axis>0.99999999999999978 0 0</Axis>
</ConstraintGeometry>
<ConstraintGeometry geomType="line">
<InstancePath>
<Uid>Part5-1</Uid>
</InstancePath>
<Position>0 0.3186499098387372 0</Position>
<Axis>0 -1 -1.1102230246251565e-16</Axis>
</ConstraintGeometry>
</Coincident>
<Coincident name="Coincident9">
<ConstraintGeometry geomType="plane">
<InstancePath>
<Uid>Part4-1</Uid>
</InstancePath>
<Position>-0.093217640917691247 0 -2.2204460492503131e-16</Position>
<Axis>-1 0 0</Axis>
</ConstraintGeometry>
<ConstraintGeometry geomType="plane">
<InstancePath>
<Uid>Part5-1</Uid>
</InstancePath>
<Position>0 0.3186499098387372 0</Position>
<Axis>0 1 1.1102230246251565e-16</Axis>
</ConstraintGeometry>
</Coincident>
<Coincident name="Coincident10">
<ConstraintGeometry geomType="line">
<InstancePath>
<Uid>Part5-1</Uid>
</InstancePath>
<Position>0 0 -0.050000000000000017</Position>
<Axis>1.6653345369377348e-16 1.1102230246251565e-16 1</Axis>
</ConstraintGeometry>
<ConstraintGeometry geomType="line">
<InstancePath>
<Uid>Part6-1</Uid>
</InstancePath>
<Position>-0.032000000000000028 1.1102230246251565e-16 0</Position>
<Axis>1 0 -2.2204460492503131e-16</Axis>
</ConstraintGeometry>
</Coincident>
<Coincident name="Coincident11">
<ConstraintGeometry geomType="plane">
<InstancePath>
<Uid>Part5-1</Uid>
</InstancePath>
<Position>-0.049174446585466658 0.10904301766912816 -0.03999999999999998</Position>
<Axis>1.6653345369377348e-16 1.1102230246251565e-16 1</Axis>
</ConstraintGeometry>
<ConstraintGeometry geomType="plane">
<InstancePath>
<Uid>Part6-1</Uid>
</InstancePath>
<Position>-0.03999999999999998 0 1.1102230246251565e-16</Position>
<Axis>-1 0 2.2204460492503131e-16</Axis>
</ConstraintGeometry>
</Coincident>
<Coincident name="Coincident16">
<ConstraintGeometry geomType="circle">
<InstancePath>
<Uid>Part6-1</Uid>
</InstancePath>
<Position>0 -0.068820000000000103 0</Position>
<Axis>0 -1.0000000000000002 0</Axis>
</ConstraintGeometry>
<ConstraintGeometry geomType="plane">
<InstancePath>
<Uid>GRIPPER-2</Uid>
</InstancePath>
<Position>-0.000336074684665566 0.078452042524436272 -4.4408920985006262e-16</Position>
<Axis>-2.2204460492503131e-16 1 0</Axis>
</ConstraintGeometry>
</Coincident>
<Concentric name="Concentric2">
<ConstraintGeometry geomType="circle">
<InstancePath>
<Uid>Part6-1</Uid>
</InstancePath>
<Position>0 -0.068820000000000103 0</Position>
<Axis>0 -1.0000000000000002 0</Axis>
</ConstraintGeometry>
<ConstraintGeometry geomType="circle">
<InstancePath>
<Uid>GRIPPER-2</Uid>
</InstancePath>
<Position>-0.000336074684665566 0.078452042524436272 -4.4408920985006262e-16</Position>
<Axis>-2.2204460492503131e-16 1 0</Axis>
</ConstraintGeometry>
</Concentric>
</Constraints>
</RootAssembly>
<Assemblies>
<Assembly name="Assem1^Assem1" uid="Assem1^Assem1" version="102">
<ModelUnits mass="kilogram" length="millimeter"/>
<AssemblyFile name="Assem1.sldasm" type="SolidWorks Assembly"/>
</Assembly>
</Assemblies>
<Parts>
<Part name="GRIPPER" uid="GRIPPER*:*Default" version="219">
<ModelUnits mass="kilogram" length="millimeter"/>
<PartFile name="GRIPPER.SLDPRT" type="SolidWorks Part"/>
<MassProperties>
<Mass>0.11277678431550149</Mass>
<CenterOfMass>6.2100853342243024e-05 0.010853479240489688 -2.6194854475803079e-05</CenterOfMass>
<Inertia>0.00012779806009310059 0.00016656469851475305 0.00028309721961176291 -3.6218228758184704e-08 3.6409897568401853e-08 -1.8694635757411389e-07</Inertia>
</MassProperties>
<GeometryFile name="GRIPPER_Default_sldprt.STEP" type="STEP"/>
<VisualProperties>
<Ambient r="0.10196078431372549" g="0.10196078431372549" b="0.10196078431372549" a="1"/>
<Diffuse r="0.10196078431372549" g="0.10196078431372549" b="0.10196078431372549" a="1"/>
<Specular r="0.040784314333223826" g="0.040784314333223826" b="0.040784314333223826" a="1"/>
<Emissive r="0" g="0" b="0" a="1"/>
<Shininess>0.40000000596046448</Shininess>
</VisualProperties>
</Part>
<Part name="Part1" uid="Part1*:*Default" version="126">
<ModelUnits mass="kilogram" length="millimeter"/>
<PartFile name="Part1.SLDPRT" type="SolidWorks Part"/>
<MassProperties>
<Mass>5.0758220624355097</Mass>
<CenterOfMass>-7.4281014363827769e-08 0.075091090580101383 0.009788796577137604</CenterOfMass>
<Inertia>0.027924693683804888 0.027160441183704895 0.023066220465897395 0.00071565039757889284 4.730745193874956e-09 2.5785202815334427e-08</Inertia>
</MassProperties>
<GeometryFile name="Part1_Default_sldprt.STEP" type="STEP"/>
<VisualProperties>
<Ambient r="0.25098039215686274" g="0.25098039215686274" b="0.25098039215686274" a="1"/>
<Diffuse r="0.25098039215686274" g="0.25098039215686274" b="0.25098039215686274" a="1"/>
<Specular r="0.12549019607843137" g="0.12549019607843137" b="0.12549019607843137" a="1"/>
<Emissive r="0" g="0" b="0" a="1"/>
<Shininess>0.40000000596046448</Shininess>
</VisualProperties>
</Part>
<Part name="Part2" uid="Part2*:*Default" version="153">
<ModelUnits mass="kilogram" length="millimeter"/>
<PartFile name="Part2.SLDPRT" type="SolidWorks Part"/>
<MassProperties>
<Mass>4.1881440078831087</Mass>
<CenterOfMass>0.011144525854759503 0.0061237179715869479 0</CenterOfMass>
<Inertia>0.03276235658959796 0.030614904076747915 0.021436624977382732 0 0 -0.0041888583379133234</Inertia>
</MassProperties>
<GeometryFile name="Part2_Default_sldprt.STEP" type="STEP"/>
<VisualProperties>
<Ambient r="1" g="1" b="0" a="1"/>
<Diffuse r="1" g="1" b="0" a="1"/>
<Specular r="0.5" g="0.5" b="0" a="1"/>
<Emissive r="0" g="0" b="0" a="1"/>
<Shininess>0.40000000596046448</Shininess>
</VisualProperties>
</Part>
<Part name="Part3" uid="Part3*:*Default" version="162">
<ModelUnits mass="kilogram" length="millimeter"/>
<PartFile name="Part3.SLDPRT" type="SolidWorks Part"/>
<MassProperties>
<Mass>5.2997599341036858</Mass>
<CenterOfMass>0 -0.22818906687350562 0</CenterOfMass>
<Inertia>0.077075149801937179 0.01973807011396202 0.088505152093616299 0 1.404275096633767e-10 0</Inertia>
</MassProperties>
<GeometryFile name="Part3_Default_sldprt.STEP" type="STEP"/>
<VisualProperties>
<Ambient r="1" g="1" b="0" a="1"/>
<Diffuse r="1" g="1" b="0" a="1"/>
<Specular r="0.5" g="0.5" b="0" a="1"/>
<Emissive r="0" g="0" b="0" a="1"/>
<Shininess>0.40000000596046448</Shininess>
</VisualProperties>
</Part>
<Part name="Part4" uid="Part4*:*Default" version="145">
<ModelUnits mass="kilogram" length="millimeter"/>
<PartFile name="Part4.SLDPRT" type="SolidWorks Part"/>
<MassProperties>
<Mass>2.0805305289141502</Mass>
<CenterOfMass>-0.013098865367581007 0 -0.017763025507196939</CenterOfMass>
<Inertia>0.004978757946419189 0.0065924028216469473 0.0058198071646051843 0 0.00089767861052394266 0</Inertia>
</MassProperties>
<GeometryFile name="Part4_Default_sldprt.STEP" type="STEP"/>
<VisualProperties>
<Ambient r="1" g="1" b="0" a="1"/>
<Diffuse r="1" g="1" b="0" a="1"/>
<Specular r="0.5" g="0.5" b="0" a="1"/>
<Emissive r="0" g="0" b="0" a="1"/>
<Shininess>0.40000000596046448</Shininess>
</VisualProperties>
</Part>
<Part name="Part5" uid="Part5*:*Default" version="142">
<ModelUnits mass="kilogram" length="millimeter"/>
<PartFile name="Part5.SLDPRT" type="SolidWorks Part"/>
<MassProperties>
<Mass>2.274428857114819</Mass>
<CenterOfMass>2.3853594528945536e-06 0.19296357956364235 0</CenterOfMass>
<Inertia>0.016465918883229676 0.003944650767059639 0.016045902825297189 0 -6.2956860288460541e-11 4.5552993251635829e-07</Inertia>
</MassProperties>
<GeometryFile name="Part5_Default_sldprt.STEP" type="STEP"/>
<VisualProperties>
<Ambient r="1" g="1" b="0" a="1"/>
<Diffuse r="1" g="1" b="0" a="1"/>
<Specular r="0.5" g="0.5" b="0" a="1"/>
<Emissive r="0" g="0" b="0" a="1"/>
<Shininess>0.40000000596046448</Shininess>
</VisualProperties>
</Part>
<Part name="Part6" uid="Part6*:*Default" version="142">
<ModelUnits mass="kilogram" length="millimeter"/>
<PartFile name="Part6.SLDPRT" type="SolidWorks Part"/>
<MassProperties>
<Mass>0.32078857857969112</Mass>
<CenterOfMass>0 -0.019994750548180451 0</CenterOfMass>
<Inertia>0.00034490560722165979 0.00020339180416197622 0.00039926706070996551 0 0 0</Inertia>
</MassProperties>
<GeometryFile name="Part6_Default_sldprt.STEP" type="STEP"/>
<VisualProperties>
<Ambient r="1" g="1" b="0" a="1"/>
<Diffuse r="1" g="1" b="0" a="1"/>
<Specular r="0.5" g="0.5" b="0" a="1"/>
<Emissive r="0" g="0" b="0" a="1"/>
<Shininess>0.40000000596046448</Shininess>
</VisualProperties>
</Part>
</Parts>
</SimscapeMultibodyImportXML>
