%%  DH_Parameters

a1=69.55;    alpha1=90;    d1=342.96;
a2=350.5;    alpha2=0;      d2=0;
a3=47.33;    alpha3=90;    d3=0;
a4=0;           alpha4=270;  d4=411.87;
a5=0;           alpha5=90;    d5=0;
a6=112.05;  alpha6=0;      d6=236.17;
